         00 00 20 00 26 82 81 00 FF FF 00 00 00 00 00 00 00 00 00 00 
         00 00 20 00 26 82 81 00 FF FF 00 00 00 00 00 00 00 00 00 00 
         00 00 20 00 21 82 83 00 FF FF 19 00 2E 00 45 00 00 00 00 00 
         00 00 20 00 21 82 81 00 FF FF 1D 00 2F 00 45 00 00 00 00 00
46 70    01 00 20 00 2A 82 81 00 02 00 00 00 00 00 00 00 00 00 00 00 
46 71    00 00 20 00 21 82 81 00 FF FF 21 00 2F 00 46 00 00 00 00 00     [06FDE2B4]
46 72    00 00 20 00 20 82 81 00 FF FF 1D 00 2E 00 47 00 00 00 00 00 
46 73    00 00 20 00 22 82 81 00 FF FF 18 00 2E 00 48 00 00 00 00 00 
46 74    00 00 20 00 22 82 81 00 FF FF 13 00 2E 00 49 00 00 00 00 00 
46 75    00 00 20 00 2A 82 81 00 FF FF 0F 00 2E 00 4A 00 00 00 00 00 
46 76    00 00 30 00 25 82 81 00 FF FF 05 00 2E 00 4B 00 00 00 00 00

75 121   00 00 30 00 A2 83 C1 01 FF FF 00 00 00 00 00 00 00 00 00 00 
75 122   00 00 30 00 A0 83 C3 01 FF FF 00 00 00 00 00 00 00 00 00 00 
75 123   02 00 30 00 A0 A3 C1 01 95 08 00 00 00 00 00 00 00 00 00 00 
75 124   02 00 30 00 A0 A3 C1 01 8B 08 00 00 00 00 00 00 00 00 00 00 
75 125   00 00 30 00 AF 83 C1 01 FF FF 00 00 00 00 00 00 00 00 00 00 
75 126   00 00 30 00 A0 83 C1 01 FF FF 00 00 00 00 00 00 00 00 00 00 
75 127   00 00 30 00 A0 83 C1 01 FF FF 00 00 00 00 00 00 00 00 00 00 
75 128   00 00 20 00 A6 83 C1 01 FF FF 00 00 00 00 00 00 00 00 00 00


+0  00=没有东西在上面，01=部队在上面，02=建筑在上面

+2  第8位：是否着火？            and eax,03800000似乎是用来判定是否着火

+3  是否着火？

+4  低5位：地形
    高3位：和所属城市有关

+5  第6位：是否生落石
    低4位：和所属城市有关

+6  第3位：是否内政用地

+8+9  对象ID（2字节）即如果该格子上有部队，置入部队ID；如果该格子上有设施，置入设施ID





城市  +B0～+D0
襄平  5F 04 00 00 44 BF 79 00 88 C1 EE 06 94 C1 EE 06 02 00 00 00 A0 C1 EE 06 84 C1 EE 06 0A 00 00 00 00 00 00 00 
北平  78 01 00 00 44 BF 79 00 04 C2 EE 06 1C C2 EE 06 03 00 00 00 28 C2 EE 06 00 C2 EE 06 0A 00 00 00 00 00 00 00 
蓟城  5E 04 00 00 44 BF 79 00 80 C2 EE 06 A4 C2 EE 06 04 00 00 00 B0 C2 EE 06 7C C2 EE 06 0A 00 00 00 00 00 00 00 
南皮  8B 02 00 00 44 BF 79 00 FC C2 EE 06 88 C4 EE 06 21 00 00 00 94 C4 EE 06 6C C4 EE 06 0A 00 00 00 00 00 00 00
平原  88 01 00 00 44 BF 79 00 EC C4 EE 06 BC C5 EE 06 12 00 00 00 C8 C5 EE 06 64 C5 EE 06 0A 00 00 00 00 00 00 00
晋阳  D7 02 00 00 44 BF 79 00 E4 C5 EE 06 8C C8 EE 06 38 00 00 00 98 C8 EE 06 4C C8 EE 06 0A 00 00 00 00 00 00 00
邺城  4E 04 00 00 44 BF 79 00 CC C8 EE 06 38 CB EE 06 33 00 00 00 44 CB EE 06 34 CB EE 06 0A 00 00 00 00 00 00 00
北海  57 04 00 00 44 BF 79 00 B4 CB EE 06 BC CD EE 06 2B 00 00 00 C8 CD EE 06 A0 CD EE 06 0A 00 00 00 00 00 00 00
下邳  80 03 00 00 44 BF 79 00 20 CE EE 06 38 CE EE 06 03 00 00 00 44 CE EE 06 1C CE EE 06 0A 00 00 00 00 00 00 00